8,45
10,44
9,44
8,44
10,43
9,43
8,43
10,42
9,42
8,42
10,41
9,41
8,41
10,40
9,40
8,40
10,39
9,39
8,39
10,38
9,38
8,38
10,37
9,37
8,37
10,36
9,36
8,36
10,35
9,35
8,35
10,34
9,34
8,34
10,33
9,33
8,33
10,32
9,32
8,32
10,31
9,31
8,31
10,30
9,30
8,30
10,29
9,29
8,29
10,28
9,28
8,28
10,27
9,27
8,27
10,26
9,26
8,26
10,25
9,25
8,25
10,24
9,24
8,24
10,23
9,23
8,23
10,22
9,22
8,22
10,21
9,21
8,21
10,20
9,20
8,20
10,19
9,19
8,19
10,18
9,18
8,18
10,17
9,17
8,17
10,16
9,16
8,16
10,15
9,15
8,15
10,14
9,14
8,14
10,13
9,13
8,13
10,12
9,12
8,12
10,11
9,11
8,11
10,10
9,10
8,10
10,9
9,9
8,9
10,8
9,8
8,8
10,7
9,7
8,7
10,6
9,6
8,6
10,5
9,5
8,5
10,4
9,4
8,4
10,3
10,0
9,3
9,0
8,3
8,0
0,6
0,0
0,47
0,46
0,49
0,48
0,45
0,12
0,10
0,8
0,11
0,5
0,7
0,4
0,3
